-116.273987 35.995762
-116.26693 35.972984
-116.261276 35.974998
-116.248894 35.975113
-116.245781 35.97646
-116.234093 35.989429
-116.224159 35.995071
-116.216278 35.995457
-116.203613 35.994881
-116.197662 35.997807
-116.271492 35.992298
-116.702003 35.938732
-116.715958 35.956699
-116.707916 35.936237
-116.722542 35.937008
-116.753899 35.96492
-116.770638 35.994133
-116.651604 35.899685
-116.640877 35.906273
-116.635529 35.907158
-116.620354 35.906605
-116.604279 35.912243
-116.582062 35.911648
-116.57029 35.906292
-116.560158 35.907143
-116.551964 35.911907
-116.541206 35.919865
-116.525749 35.9193
-116.499924 35.914528
-116.485336 35.909153
-116.455811 35.908474
-116.445671 35.910004
-116.423866 35.925896
-116.410149 35.948269
-116.406174 35.951912
-116.39769 35.956886
-116.379089 35.959267
-116.360161 35.966221
-116.334686 35.979771
-116.32386 35.992523
-116.279633 35.994434
-116.667572 35.909866
-116.682938 35.925781
-116.700317 35.936657
-116.253479 35.894867
-116.260406 35.903419
-116.265099 35.91172
-116.267929 35.934917
-116.265327 35.965405
-116.585007 35.855232
-116.571854 35.848267
-116.549438 35.839863
-116.545532 35.836849
-116.532227 35.813595
-116.529533 35.801189
-116.526917 35.776394
-116.526703 35.768135
-116.538696 35.74276
-116.536797 35.734715
-116.525177 35.71307
-116.516808 35.708652
-116.497803 35.701183
-116.485191 35.693615
-116.292053 35.637371
-116.29113 35.644703
-116.311882 35.747658
-116.319878 35.760571
-116.321411 35.77504
-116.337807 35.791237
-116.333153 35.806793
-116.32003 35.825264
-116.315567 35.847244
-116.305878 35.860237
-116.29879 35.86591
-116.290878 35.869514
-116.27932 35.872391
-116.273407 35.873257
-116.2621 35.879116
-116.258377 35.88459
-116.445938 35.666847
-116.426361 35.660965
-116.40181 35.648842
-116.390343 35.646229
-116.348557 35.647263
-116.309937 35.642117
-116.001358 35.792507
-116.006142 35.791641
-116.057777 35.794048
-116.074013 35.798347
-116.087196 35.799175
-116.098396 35.801132
-116.104729 35.81152
-116.112267 35.814117
-116.126381 35.809906
-116.132271 35.810654
-116.160789 35.821037
-116.176453 35.826237
-116.186256 35.828857
-116.202568 35.850578
-116.223083 35.851231
-116.229088 35.865284
-116.223061 35.875778
-116.224953 35.881756
-116.229683 35.886848
-116.241737 35.889256
-116.247871 35.893211
-116.50322 35.689522
-116.525528 35.670868
-116.562691 35.651615
-116.581253 35.64325
-116.598679 35.63625
-116.608223 35.634705
-116.626167 35.632977
-116.637947 35.630527
-116.649757 35.62624
-116.699226 35.59922
-116.717773 35.59129
-116.727867 35.588131
-116.758972 35.585995
-116.791512 35.575829
-116.809448 35.573845
-116.81337 35.572945
-116.82148 35.575962
-116.833023 35.577164
-116.848358 35.577682
-116.855927 35.576111
-116.892937 35.562492
-116.90667 35.560711
-116.919258 35.562138
-116.941383 35.561752
-116.952026 35.559265
-116.980026 35.560505
-116.288483 35.631142
-116.286621 35.621727
-116.273209 35.618393
-116.246727 35.606224
-116.188843 35.551765
-116.18177 35.535408
-116.170952 35.505249
-116.167976 35.47448
-116.161209 35.456974
-116.141777 35.424435
-116.125259 35.404995
-116.125183 35.390083
-116.12381 35.387772
-116.592079 35.350384
-116.560272 35.419224
-116.550171 35.424889
-116.54039 35.423676
-116.513107 35.443451
-116.460167 35.485966
-116.466797 35.494728
-116.467308 35.501614
-116.465874 35.506191
-116.46051 35.510509
-116.448433 35.516155
-116.434624 35.526604
-116.43145 35.536209
-116.431129 35.540337
-116.434883 35.559639
-116.437607 35.565853
-116.44371 35.573238
-116.448174 35.575565
-116.57029 35.351845
-116.548538 35.347572
-116.524406 35.360481
-116.386398 35.364494
-116.353561 35.379826
-116.344177 35.394886
-116.342773 35.396252
-116.317619 35.396725
-116.308929 35.399632
-116.302513 35.399117
-116.294167 35.394684
-116.278236 35.395454
-116.266899 35.3848
-116.246262 35.381859
-116.165627 35.372597
-116.148033 35.373569
-116.142372 35.378559
-116.136688 35.385841
-116.03157 35.292271
-116.070534 35.267151
-116.069077 35.272789
-116.072182 35.282166
-116.08033 35.298309
-116.081322 35.307266
-116.079826 35.334549
-116.082977 35.349037
-116.116707 35.374855
-116.605667 35.323399
-116.671051 35.271027
-116.678047 35.266251
-116.679138 35.26527
-116.693703 35.261292
-116.716843 35.264858
-116.743607 35.266602
-116.800957 35.29303
-116.811798 35.302715
-116.817291 35.321548
-116.818382 35.32798
-116.821709 35.333496
-116.829224 35.339039
-116.832977 35.340683
-116.834518 35.341351
-116.851471 35.360466
-116.863472 35.364185
-116.867943 35.364204
-116.690163 35.26128
-116.683578 35.261265
-116.693466 35.255329
-116.695122 35.253864
-116.881104 35.355995
-116.892464 35.340351
-116.900726 35.329231
-116.908333 35.314812
-116.916473 35.297405
-116.923187 35.290092
-116.946678 35.274574
-116.960091 35.266815
-116.963722 35.263618
-116.976303 35.255859
-116.988861 35.251312
-116.997787 35.249043
-116.999191 35.247444
-116.012611 35.253059
-116.030167 35.253483
-116.041313 35.25499
-116.056328 35.258362
-116.969101 35.016361
-116.966568 35.027363
-116.967667 35.033558
-116.976517 35.048721
-116.986794 35.063667
-116.988159 35.073536
-116.748672 35.206528
-116.762573 35.159115
-116.832939 35.096333
-116.882202 35.05275
-116.889427 35.051403
-116.892776 35.049809
-116.891411 35.044525
-116.889748 35.041771
-116.891724 35.036495
-116.889236 35.030529
-116.893997 35.019764
-116.90126 35.011761
-116.90963 35.003765
-116.940498 35.001583
-116.499092 35.018734
-116.4748 35.029114
-116.450203 35.042461
-116.422508 35.059227
-116.383652 35.077267
-116.363823 35.083755
-116.346832 35.085445
-116.328468 35.084831
-116.314819 35.085857
-116.294952 35.09486
-116.275177 35.095833
-116.258682 35.101875
-116.251694 35.10548
-116.221359 35.126987
-116.196327 35.146706
-116.160767 35.183292
-116.146141 35.193924
-116.122322 35.204002
-116.110474 35.213974
-116.085159 35.250874
-116.078056 35.259975
