-116.23526063752932 35.88796223188739
-116.241737 35.889256
-116.247871 35.893211
-116.253479 35.894867
-116.258377 35.88459
-116.2621 35.879116
-116.273407 35.873257
-116.27932 35.872391
-116.290878 35.869514
-116.29879 35.86591
-116.305878 35.860237
-116.315567 35.847244
-116.3157175053088 35.846502770628014
#
-116.8525312980184 35.078999684437896
-116.882202 35.05275
-116.889427 35.051403
-116.892776 35.049809
-116.891411 35.044525
-116.889748 35.041771
-116.891724 35.036495
-116.889236 35.030529
-116.893997 35.019764
-116.90126 35.011761
-116.90963 35.003765
-116.92505398570566 35.00267470789135
#
-116.85446443332259 35.361393637574096
-116.863472 35.364185
-116.867943 35.364204
-116.881104 35.355995
-116.892464 35.340351
-116.900726 35.329231
-116.908333 35.314812
-116.916473 35.297405
-116.92144014564337 35.291994702697345
#
-116.08074889157302 35.31771795000881
-116.081322 35.307266
-116.08033 35.298309
-116.072182 35.282166
-116.069077 35.272789
-116.070534 35.267151
-116.078056 35.259975
-116.085159 35.250874
-116.10416075368606 35.223176401302965
#
-116.53018988587922 35.80421399117211
-116.529533 35.801189
-116.526917 35.776394
-116.526703 35.768135
-116.538696 35.74276
-116.536797 35.734715
-116.525177 35.71307
-116.516808 35.708652
-116.50276360792394 35.703132528049665
#
