-116.27171354387532 35.99260558636637
-116.27612918230815 35.995258135652634
-116.26167602192629 35.97485550899194
-116.26871942275612 35.98055982444362
-116.26919726198285 35.98258283777661
-116.26091335209017 35.975001368156164
-116.25094730493103 35.97509392956977
-116.2488226589857 35.975143869369184
-116.21731813139685 35.99540605586611
-116.20896699625725 35.995124497974274
-116.20873832447857 35.99511409805761
-116.70206632991795 35.93870527783777
-116.70385564086008 35.93795027516558
-116.70169631748242 35.938354558586
-116.70117672379325 35.937715082367134
-116.71566982305426 35.936645737698264
-116.73879999341301 35.95147982804936
-116.76070434452967 35.97679672679043
-116.75796587158148 35.97201752789949
-116.64661751840445 35.90274745369175
-116.64426645513028 35.904191362039874
-116.66516623427545 35.90833211342424
-116.60232845298336 35.866793940469826
-116.63295437441555 35.90706417674147
-116.61264532721431 35.909308670119174
-116.60802202096444 35.91093020670622
-116.58641230746477 35.91176450686148
-116.58857972285938 35.911822553049525
-116.55197521674036 35.91190047857565
-116.55597421865333 35.90957545476392
-116.5359627375144 35.91967334293172
-116.53651766785227 35.91969362731038
-116.52508985090138 35.91917820098747
-116.47777711024204 35.90897916473681
-116.4614563036523 35.90860382764369
-116.42906630152211 35.92210589718921
-116.40737976041788 35.950806947118906
-116.36134969876919 35.965784281316516
-116.25793584190932 35.900369369280845
-116.2512698259131 35.89421464759488
-116.26396926327347 35.909721716478366
-116.2657496793907 35.96045240612474
-116.26534633638256 35.96517843288555
-116.52993386080944 35.80303498337114
-116.53018988587922 35.80421399117211
-116.52838926953247 35.790348481291126
-116.52776424416436 35.78442435896615
-116.52685836300486 35.77413099559412
-116.52688892301131 35.775310411918205
-116.53849484989088 35.74190783958508
-116.53773372108813 35.7386833629036
-116.51681772407686 35.708657133345866
-116.51815347581213 35.70936227746899
-116.50665056764963 35.70466011038017
-116.50276360792394 35.703132528049665
-116.49113850009184 35.69718387731486
-116.4806584932775 35.69052412439947
-116.46414837286669 35.679265293146905
-116.48718032747087 35.69316337665216
-116.28934658661888 35.632648801414284
-116.29050537809047 35.63467068154778
-116.31210725707248 35.74802177495961
-116.32114315203553 35.77251195551349
-116.33662040259539 35.795203203099724
-116.33672898937009 35.79484025168862
-116.3271917052027 35.815183693911536
-116.32928213159764 35.81224135862684
-116.3157175053088 35.846502770628014
-116.31294276193492 35.85076311705848
-116.30840568835731 35.856847356607865
-116.29163012119562 35.86917140081029
-116.29192744408991 35.86903596707533
-116.28418588854456 35.87117979033201
-116.28586069635844 35.87076289968652
-116.2780627058819 35.87257513947341
-116.27737031130361 35.872676545477944
-116.26490855242808 35.87766067951923
-116.27316925400619 35.873380193931
-116.2597535312184 35.882566059121814
-116.44048682770355 35.66520917012577
-116.41706781324973 35.65637613180834
-116.40879438314272 35.65229080765913
-116.3843496709756 35.64637730570553
-116.37138793618224 35.64669804551734
-116.32209476681412 35.64373698622541
-116.34269337278853 35.64648168913438
-116.00148088658489 35.79248475506218
-116.03117159983734 35.79280777150786
-116.06858341569456 35.796909343993036
-116.08470757993805 35.79901870690956
-116.07771538974983 35.79857954029529
-116.08787898759081 35.799294339885286
-116.09916174153658 35.80238804343628
-116.11316078618785 35.81385033331182
-116.12509001563332 35.81029117324416
-116.1297576758796 35.81033482063802
-116.13139882449704 35.81054323815344
-116.17071499244734 35.82433214560305
-116.16593667081099 35.82274587948271
-116.2037096471916 35.85061433905026
-116.22352206071038 35.852258497112906
-116.22634998464991 35.858876451338084
-116.22745403300443 35.868129005749374
-116.22594555915124 35.88282452245204
-116.23526063752932 35.88796223188739
-116.2450544725566 35.891394996407136
-116.24543761735355 35.891642035479826
-116.51649456429932 35.67842177934196
-116.52107484800587 35.6745917357584
-116.60230182308888 35.635663530839025
-116.63387070360646 35.63137478660137
-116.7898191747054 35.576357864841576
-116.77904423106257 35.5797241241247
-116.80568241717748 35.574261531909
-116.81315974627486 35.572993247922646
-116.84648820040155 35.57761884015703
-116.85488941470733 35.576326358236855
-116.8548115579581 35.57634251796113
-116.91142931811764 35.56125052549681
-116.91264682688782 35.56138854464322
-116.94989804392284 35.559762249531516
-116.94479244579728 35.56095529872237
-116.28813459533401 35.629380329790436
-116.28174886449953 35.62051586819575
-116.25224467614686 35.608759480742805
-116.25370511142252 35.6094305794842
-116.18408138688083 35.540753306830176
-116.18278660918713 35.5377590075603
-116.17551775949659 35.51797766894596
-116.17083525033611 35.50404191988966
-116.16815064762692 35.476285689795915
-116.16123488615432 35.45704096660522
-116.15451263258153 35.445760892783575
-116.14175122716473 35.424404668003525
-116.13684415250786 35.418629541999806
-116.12525672826332 35.40454926135021
-116.13240154973474 35.386483734544356
-116.12650734017396 35.387367545591246
-116.11978171116445 35.38044644644673
-116.58740520225209 35.350697388338595
-116.60176408280329 35.33114997295801
-116.55334171326639 35.423110751246995
-116.55039290486373 35.4247645478613
-116.54930692109798 35.424781840434704
-116.54756587499618 35.42456592294963
-116.48675839560333 35.46461100974546
-116.46150229083123 35.48773067847108
-116.46724765140615 35.50080077022064
-116.46153503113146 35.50968385376106
-116.46472578155516 35.5071153115669
-116.45267216098884 35.514173191360186
-116.43160225852922 35.53574824285657
-116.43138025439433 35.5371059154523
-116.44632022601323 35.574598662171326
-116.4466662048254 35.57477901447776
-116.56561700967417 35.35092702980589
-116.43540085149661 35.36306909388546
-116.34296531709303 35.39606488807044
-116.34293697632891 35.39609246177685
-116.32354598846156 35.3966135479231
-116.3159212149015 35.397292947213046
-116.3042151778073 35.39925363054407
-116.30147449541751 35.39856539554107
-116.2986395708928 35.39705961787296
-116.27930019079764 35.395402564000115
-116.26743435326891 35.38530310079624
-116.19977571725954 35.37651943342541
-116.22047964015998 35.37889755376898
-116.13888837913903 35.383022006176915
-116.03290123974429 35.29141275283912
-116.06970806759766 35.270347023942605
-116.07048133403288 35.2673547959661
-116.06019817193918 35.26075640667137
-116.07362089821359 35.26420609417964
-116.0736786570485 35.26415099215899
-116.06937809284867 35.27369829070595
-116.06952557627366 35.27414368589956
-116.07898647402412 35.29564717626061
-116.07781243715657 35.29332114813676
-116.08074889157302 35.31771795000881
-116.07991533888841 35.3329196999381
-116.67123948141338 35.270898328297555
-116.67503151973139 35.26830959544924
-116.6819343621803 35.26274760573601
-116.70248519600605 35.26264538422461
-116.69685296590498 35.261777426897886
-116.72646251115573 35.26548482810699
-116.81513425471705 35.31415350083495
-116.81269716269135 35.30579782012856
-116.81791683197861 35.325237597879344
-116.82179372957063 35.33355849580971
-116.8330039877555 35.34069469878045
-116.85953613692025 35.36296531207453
-116.85446443332259 35.361393637574096
-116.86425759274944 35.364188338461695
-116.87216640680846 35.36156970576015
-116.87553675767622 35.35946749390137
-116.68795286139989 35.26127496551572
-116.68517130371659 35.260308502137775
-116.71732240109904 35.234239757489746
-116.89820934334591 35.33261822125314
-116.89321091132211 35.339345716303335
-116.90685836056852 35.31760716576344
-116.90405238746521 35.32292586251335
-116.91527768590461 35.299961121923616
-116.92144014564337 35.291994702697345
-116.9184401069412 35.295262394539606
-116.94655660166595 35.274654194940524
-116.9564702028133 35.26890951765986
-116.9606913426478 35.2662864140884
-116.96225725070828 35.26490767322656
-116.96450930033804 35.263132453276945
-116.98720539823938 35.25191146020111
-116.99895164494707 35.247716598810285
-116.02741293909409 35.2534164858838
-116.034590644289 35.254081100838285
-116.05572007260953 35.258225474448174
-116.98698198844069 35.06502616331216
-116.98692959803395 35.06464737875245
-116.8525312980184 35.078999684437896
-116.83349632683814 35.09583993267591
-116.8830133649229 35.05259873238047
-116.89232606984419 35.048067292349245
-116.89214683985541 35.047373481901815
-116.88985588712328 35.041949665747154
-116.8912764256455 35.03769004164694
-116.89119194226454 35.03521917345269
-116.89367772017368 35.02048591710361
-116.89008694259505 35.02860495105321
-116.89860512552154 35.01468636974406
-116.89426254067888 35.01947140437105
-116.90395283186034 35.00918849300415
-116.9012795587084 35.01174231524106
-116.92505398570566 35.00267470789135
-116.46921564761047 35.03214422121979
-116.45073320578751 35.0421732959448
-116.44787902222502 35.04386788974094
-116.43867773251021 35.0494381668075
-116.39772738224974 35.070732104596836
-116.42117163925388 35.05984744337708
-116.37899424707712 35.07879100529344
-116.3649574983362 35.08338379493644
-116.35116545994947 35.08501397490939
-116.35185085693017 35.08494580229463
-116.34456714538945 35.08536927462803
-116.32863643540847 35.084836631634765
-116.31161644695466 35.08730828026713
-116.31471429273559 35.085904449514345
-116.2918646605765 35.09501190802827
-116.2639418696368 35.09994834753892
-116.2548968889027 35.10382767966596
-116.23318240150137 35.11860440906248
-116.2373714445588 35.115634448652514
-116.2174721559484 35.13004886792321
-116.1949321887116 35.14814105528113
-116.17575939202496 35.16786703783394
-116.10416075368606 35.223176401302965
-116.08514585248301 35.25089084577674
-116.07971375504505 35.257850935708156
